0.000
0.000
0.000
0.001
0.001
0.001
0.001
0.001
0.001
0.001
0.001
0.001
0.001
0.001
0.001
0.001
0.001
0.001
0.001
0.001
0.001
0.001
0.001
0.001
0.001
0.001
0.001
0.001
0.001
0.001
0.001
0.001
0.001
0.001
0.001
0.001
0.001
0.001
0.001
0.001
0.001
0.001
0.001
0.001
0.001
0.001
0.001
0.001
0.001
0.001
0.001
0.001
0.001
0.001
0.001
0.001
0.001
0.001
0.001
0.001
0.001
0.001
0.001
0.001
0.001
0.001
0.001
0.001
0.001
0.001
0.001
0.001
0.001
0.001
0.001
0.001
0.001
0.001
0.001
0.001
0.001
0.001
0.001
0.001
0.001
0.001
0.001
0.001
0.001
0.001
0.001
0.001
0.001
0.001
0.001
0.001
0.001
0.001
0.001
0.001
0.003
0.008
0.011
0.014
0.016
0.018
0.020
0.021
0.022
0.023
0.024
0.025
0.025
0.026
0.026
0.027
0.027
0.027
0.028
0.028
0.028
0.028
0.029
0.029
0.029
0.029
0.029
0.030
0.030
0.030
0.031
0.033
0.036
0.039
0.042
0.045
0.049
0.053
0.057
0.062
0.068
0.074
0.082
0.091
0.101
0.113
0.127
0.144
0.166
0.192
0.225
0.268
0.325
0.402
0.510
0.670
0.917
1.327
2.074
3.617
7.413
19.12
58.94
125.4
124.9
79.37
42.32
21.15
10.32
4.997
2.417
1.171
0.569
0.277
0.135
0.066
0.032
0.016
0.007
0.003
0.002
0.001
0.000
0.000
0.000
0.000
9.265
7.844
7.174
6.883
6.782
6.777
6.822
6.892
6.974
7.064
7.158
7.254
7.351
7.450
0.013
0.030
0.039
0.044
0.046
0.048
0.049
0.049
0.049
0.049
0.049
0.050
0.050
0.050
0.050
0.050
0.050
0.050
0.050
0.050
0.050
0.050
0.050
0.050
0.050
0.050
0.050
0.050
0.050
0.050
0.044
0.034
0.026
0.020
0.015
0.012
0.009
0.007
0.005
0.004
0.003
0.002
0.002
0.001
0.001
0.001
0.001
0.000
0.000
0.000
0.000
0.000
0.000
0.000
0.000
0.000
0.000
0.000
0.000
0.000
0.000
0.000
0.000
0.000
0.000
0.000
0.000
0.000
0.000
0.000
0.000
0.000
0.000
0.000
0.000
0.000
0.000
0.000
0.000
0.000
0.000
0.000
0.000
0.000
0.000
0.000
0.000
0.000
0.000
0.000
0.000
0.000
0.000
0.000
0.000
0.000
0.000
0.000
0.000
0.000
0.003
0.009
0.013
0.016
0.019
0.021
0.022
0.023
0.024
0.025
0.026
0.026
0.027
0.027
0.027
0.028
0.028
0.028
0.028
0.029
0.029
0.029
0.029
0.029
0.029
0.029
0.029
0.030
0.030
0.030
0.031
0.034
0.037
0.040
0.044
0.047
0.052
0.056
0.061
0.066
0.072
0.079
0.087
0.095
0.104
0.115
0.127
0.141
0.158
0.177
0.199
0.226
0.259
0.298
0.348
0.410
0.491
0.598
0.743
0.946
1.243
1.695
2.425
3.688
6.049
10.82
20.77
38.65
57.85
62.46
51.19
35.29
22.13
13.21
7.697
4.433
2.541
1.455
0.834
0.478
0.275
0.158
0.091
0.052
0.030
0.017
0.010
0.006
0.003
0.002
0.001
0.000
0.000
0.000
0.000
0.000
0.000
0.000
0.000
0.000
0.011
0.026
0.036
0.041
0.045
0.047
0.048
0.048
0.049
0.049
0.049
0.049
0.050
0.050
0.050
0.050
0.050
0.050
0.050
0.050
0.050
0.050
0.050
0.050
0.050
0.050
0.050
0.050
0.050
0.050
0.041
0.027
0.018
0.012
0.008
0.005
0.003
0.002
0.001
0.001
0.000
0.000
0.000
0.000
0.000
0.000
0.000
0.000
0.000
0.000
0.000
0.000
0.000
0.000
0.000
0.000
0.000
0.000
0.000
0.000
0.000
0.000
0.000
0.000
0.000
0.000
0.000
0.000
0.000
0.000
0.000
0.000
0.000
0.000
0.000
0.000
0.000
0.000
0.000
0.000
0.000
0.000
0.000
0.000
0.000
0.000
0.000
0.000
0.000
0.000
0.000
0.000
0.000
0.000
0.000
0.000
0.000
0.000
0.000
0.000
0.004
0.011
0.016
0.020
0.023
0.024
0.026
0.027
0.027
0.028
0.028
0.029
0.029
0.029
0.029
0.029
0.030
0.030
0.030
0.030
0.030
0.030
0.030
0.030
0.030
0.030
0.030
0.030
0.031
0.031
0.031
0.031
0.031
0.031
0.031
0.031
0.031
0.031
0.032
0.032
0.032
0.032
0.032
0.032
0.033
0.033
0.033
0.033
0.034
0.034
0.034
0.035
0.035
0.035
0.036
0.036
0.037
0.037
0.038
0.038
0.039
0.039
0.040
0.041
0.041
0.042
0.043
0.044
0.045
0.046
0.047
0.048
0.049
0.050
0.052
0.053
0.055
0.056
0.058
0.060
0.062
0.065
0.067
0.070
0.073
0.076
0.080
0.084
0.089
0.094
0.099
0.105
0.112
0.120
0.129
0.140
0.151
0.165
0.181
0.200
0.221
0.244
0.274
0.316
0.372
0.450
0.562
0.725
0.974
1.373
2.053
3.309
5.874
11.74
26.12
55.25
82.61
79.65
57.16
35.34
20.44
11.53
6.478
3.662
2.097
1.224
0.731
0.451
0.289
0.194
0.127
0.078
0.048
0.029
0.018
0.011
0.007
0.004
0.002
0.001
0.001
0.000
0.000
0.000
0.000
0.000
0.000
0.000
0.000
0.000
0.000
0.000
0.000
0.000
0.000
0.000
0.000
0.000
0.000
0.000
0.000
0.000
0.000
0.000
0.000
0.000
0.000
0.000
0.000
0.000
0.000
0.000
0.000
0.000
0.000
0.000
0.000
0.000
0.000
0.000
0.000
0.000
0.000
0.000
0.000
0.000
0.000
0.000
0.000
0.000
0.000
0.000
0.000
0.000
0.000
0.000
0.000
0.000
0.000
0.000
0.005
0.013
0.019
0.023
0.025
0.027
0.028
0.028
0.029
0.029
0.029
0.029
0.030
0.030
0.030
0.030
0.030
0.030
0.030
0.030
0.030
0.030
0.030
0.030
0.030
0.030
0.030
0.030
0.030
0.030
0.023
0.014
0.008
0.005
0.003
0.002
0.001
0.000
0.000
0.000
0.000
0.000
0.000
0.000
0.000
0.000
0.000
0.000
0.000
0.000
0.000
0.000
0.000
0.000
0.000
0.000
0.000
0.000
0.000
0.000
0.000
0.000
0.000
0.000
0.000
0.000
0.000
0.000
0.000
0.000
0.000
0.000
0.000
0.000
0.000
0.000
0.000
0.000
0.000
0.000
0.000
0.000
0.000
0.000
0.000
0.000
0.000
0.000
0.000
0.000
0.000
0.000
0.000
0.000
0.000
0.000
0.000
0.000
0.000
0.000
0.000
0.000
0.000
0.000
0.000
0.000
0.000
0.000
0.000
0.000
0.000
0.000
0.000
0.000
0.000
0.000
0.000
0.000
0.000
0.000
0.000
0.000
0.000
0.000
0.000
0.000
0.000
0.000
0.000
0.000
0.000
0.000
0.000
0.000
0.000
0.000
0.000
0.000
0.000
0.000
0.000
0.000
0.000
0.000
0.000
0.000
0.000
0.000
0.000
0.000
0.000
0.000
0.000
0.000
0.000
0.000
0.000
0.000
0.000
0.000
0.000
0.000
0.000
0.000
0.000
0.000
0.000
0.000
0.000
0.000
0.000
0.000
0.000
0.000
0.000
0.000
0.000
0.000
0.000
0.000
0.000
0.000
0.000
0.000
0.000
0.000
0.000
0.000
0.000
0.000
0.000
0.000
0.000
0.000
0.000
0.000
0.000
0.000
0.000
0.000
0.000
0.000
0.000
0.000
0.000
0.000
0.000
0.000
0.000
0.000
0.000
0.000
0.000
0.000
0.000
0.000
0.000
0.000
0.000
0.000
0.000
0.000
0.000
0.000
0.000
0.000
0.000
0.000
0.000
0.000
0.000
0.000
0.000
0.000
0.000
0.000
0.000
0.000
0.000
0.000
0.000
0.000
0.000
0.000
0.000
0.000
0.000
0.000
0.000
0.000
0.000
0.000
0.000
0.000
0.000
0.000
0.000
0.000
0.000
0.000
0.000
0.000
0.000
0.000
0.000
0.000
0.000
0.000
0.000
0.000
0.000
0.000
0.000
0.000
0.000
0.000
0.000
0.000
0.000
0.000
0.000
0.000
0.000
0.000
0.000
0.000
0.000
0.000
0.000
0.000
0.000
0.000
0.000
0.000
0.000
0.000
0.000
0.000
0.000
0.000
0.000
